0
7.28652e-05
0.000210756
0.000158485
0.000250703
0.000210939
0.000178372
0.000177099
0.000160042
0.000144924
0.000131568
0.000121495
0.000111886
0.000106019
0.000123785
0.00013101
0.000123734
0.000136724
0.000129584
0.000135849
0.000130535
0.000126785
0.00012115
0.000116579
0.000118287
0.000143023
0.000139593
0.000135242
0.000132145
0.000131476
0.000127165
0.000123168
0.000119387
0.000115969
0.00011302
0.000112874
0.000109794
0.000106866
0.000105767
0.000103592
0.000102745
0.00010122
0.000100535
9.98037e-05
9.87651e-05
9.67901e-05
9.92967e-05
9.89679e-05
9.70841e-05
9.58757e-05
9.54782e-05
9.36481e-05
9.19942e-05
9.10536e-05
9.05061e-05
8.88813e-05
8.73285e-05
8.59949e-05
8.52668e-05
8.57771e-05
8.43932e-05
8.31464e-05
8.20534e-05
8.1456e-05
8.29384e-05
8.1712e-05
8.07701e-05
7.99056e-05
7.94835e-05
7.84002e-05
7.75471e-05
7.7163e-05
7.63079e-05
7.54372e-05
7.51089e-05
7.48872e-05
7.40066e-05
7.31204e-05
7.21944e-05
7.14052e-05
7.10216e-05
7.0192e-05
6.9882e-05
6.95366e-05
7.08079e-05
7.05583e-05
7.04463e-05
6.97043e-05
6.90033e-05
6.83862e-05
6.77851e-05
6.82298e-05
6.75283e-05
6.68074e-05
6.63857e-05
6.57281e-05
6.67231e-05
6.62451e-05
6.70464e-05
6.65648e-05
