# VELOCITY:     AVE_POFV:        ERROR:
   0.0942809           0           0           0
    0.282843   0.0143877   0.0143877           0
    0.471405   0.0653337   0.0653337           0
    0.659966    0.101033    0.101033           0
    0.848528    0.141446    0.141446           0
     1.03709    0.163543    0.163543           0
     1.22565    0.270321    0.270321           0
     1.41421    0.333666    0.333666           0
     1.60278    0.306879    0.306879           0
     1.79134     0.35704     0.35704           0
      1.9799    0.395022    0.395022           0
     2.16846    0.346703    0.346703           0
     2.35702    0.393304    0.393304           0
     2.54558    0.697089    0.697089           0
     2.73415    0.419525    0.419525           0
     2.92271    0.346777    0.346777           0
     3.11127    0.285863    0.285863           0
     3.29983    0.190501    0.190501           0
     3.48839    0.160965    0.160965           0
     3.67696    0.106213    0.106213           0
     3.86552   0.0784447   0.0784447           0
     4.05408    0.050234    0.050234           0
     4.24264   0.0259764   0.0259764           0
      4.4312   0.0230546   0.0230546           0
     4.61976   0.0164009   0.0164009           0
     4.80833  0.00883883  0.00883883           0
     4.99689  0.00279896  0.00279896           0
     5.18545  0.00193963  0.00193963           0
     5.37401           0           0           0
     5.56257           0           0           0


   0.0942809           0           0           0
    0.282843   0.0321401   0.0232639  0.00627645
    0.471405    0.128949   0.0971416   0.0224916
    0.659966    0.151499    0.126266   0.0178426
    0.848528     0.15791    0.149678   0.0058211
     1.03709     0.29537    0.229456   0.0466078
     1.22565     0.30897    0.289646   0.0136645
     1.41421     0.43792    0.385793   0.0368593
     1.60278    0.535541     0.42121   0.0808441
     1.79134    0.497883    0.427462   0.0497958
      1.9799    0.501871    0.448446   0.0377766
     2.16846    0.390132    0.368417   0.0153542
     2.35702    0.313007    0.353155   0.0283892
     2.54558     0.33562    0.516355    0.127799
     2.73415     0.24646    0.332993   0.0611877
     2.92271    0.276517    0.311647   0.0248406
     3.11127    0.201939    0.243901   0.0296715
     3.29983    0.192215    0.191358 0.000605915
     3.48839    0.118726    0.139845   0.0149338
     3.67696   0.0602276   0.0832204   0.0162584
     3.86552    0.037082   0.0577633   0.0146239
     4.05408   0.0520524   0.0511432 0.000642874
     4.24264   0.0230423   0.0245093  0.00103735
      4.4312  0.00822617   0.0156404  0.00524265
     4.61976           0  0.00820047  0.00579861
     4.80833           0  0.00441942    0.003125
     4.99689           0  0.00139948 0.000989583
     5.18545           0 0.000969817 0.000685764
     5.37401           0           0           0
     5.56257           0           0           0


   0.0942809           0           0           0
    0.282843    0.046587   0.0310383  0.00760278
    0.471405   0.0762916   0.0901916   0.0160322
    0.659966    0.170583    0.141038   0.0169403
    0.848528    0.357709    0.219022   0.0567517
     1.03709    0.321935    0.260283   0.0399871
     1.22565    0.382977    0.320756   0.0269856
     1.41421    0.555897    0.442494   0.0524137
     1.60278    0.553027    0.465149   0.0647447
     1.79134    0.485106    0.446677   0.0367178
      1.9799    0.362945    0.419946   0.0342896
     2.16846    0.330501    0.355779   0.0145351
     2.35702    0.332126    0.346145   0.0197726
     2.54558     0.31614    0.449617    0.101135
     2.73415    0.265728    0.310571   0.0447116
     2.92271    0.180793    0.268029    0.039276
     3.11127    0.135474    0.207758   0.0355265
     3.29983    0.108826    0.163847   0.0224662
     3.48839    0.107104    0.128932   0.0133614
     3.67696   0.0806708   0.0823706   0.0108611
     3.86552    0.046755   0.0540939   0.0101993
     4.05408   0.0586787    0.053655  0.00209521
     4.24264   0.0228355   0.0239514  0.00082813
      4.4312  0.00406284   0.0117812   0.0047058
     4.61976 0.000548005  0.00564965   0.0043911
     4.80833           0  0.00294628  0.00240563
     4.99689           0 0.000932988 0.000761782
     5.18545           0 0.000646544 0.000527901
     5.37401           0           0           0
     5.56257           0           0           0


   0.0942809           0           0           0
    0.282843   0.0209677   0.0285206  0.00610472
    0.471405   0.0620522   0.0831568   0.0134795
    0.659966    0.160688    0.145951   0.0133986
    0.848528    0.299733      0.2392   0.0460112
     1.03709    0.294145    0.268748   0.0308734
     1.22565    0.508136    0.367601   0.0453373
     1.41421    0.556888    0.471093   0.0464618
     1.60278    0.554046    0.487373   0.0522338
     1.79134    0.410577    0.437652    0.028626
      1.9799    0.417265    0.419276   0.0257238
     2.16846    0.404684    0.368005   0.0151971
     2.35702    0.360715    0.349788   0.0151612
     2.54558    0.259398    0.402062   0.0863102
     2.73415    0.284906    0.304155    0.033991
     2.92271    0.204572    0.252165   0.0325034
     3.11127    0.175114    0.199597   0.0275664
     3.29983   0.0950776    0.146655   0.0224854
     3.48839     0.11759    0.126096   0.0103175
     3.67696   0.0830295   0.0825353   0.0081471
     3.86552   0.0258609   0.0470356  0.00979173
     4.05408  0.00785674   0.0422055   0.0100394
     4.24264           0   0.0179635  0.00522269
      4.4312           0  0.00883591  0.00435459
     4.61976           0  0.00423724  0.00351314
     4.80833           0  0.00220971  0.00191366
     4.99689           0 0.000699741 0.000605994
     5.18545           0 0.000484908 0.000419943
     5.37401           0           0           0
     5.56257           0           0           0


   0.0942809           0           0           0
    0.282843   0.0281498   0.0284465  0.00488423
    0.471405   0.0605435   0.0786341   0.0115174
    0.659966    0.134269    0.143615   0.0109207
    0.848528    0.198128    0.230985   0.0375351
     1.03709    0.250357     0.26507   0.0249169
     1.22565    0.502817    0.394644   0.0435955
     1.41421    0.538799    0.484634   0.0390929
     1.60278    0.628843    0.515667   0.0488527
     1.79134    0.557607    0.461643   0.0313831
      1.9799    0.490217    0.433464   0.0241773
     2.16846    0.360496    0.366503   0.0122317
     2.35702    0.301309    0.340092   0.0149104
     2.54558    0.294257    0.380501   0.0716907
     2.73415    0.265386    0.296401   0.0280632
     2.92271    0.223506    0.246433   0.0265032
     3.11127    0.157867    0.191251   0.0232823
     3.29983    0.144202    0.146164   0.0179937
     3.48839   0.0706974    0.115016   0.0128972
     3.67696   0.0693151   0.0798913  0.00693347
     3.86552   0.0141362   0.0404557  0.00979785
     4.05408   0.0123985   0.0362441  0.00964031
     4.24264           0   0.0143708  0.00527095
      4.4312           0  0.00706873  0.00382548
     4.61976           0  0.00338979  0.00291093
     4.80833           0  0.00176777  0.00158114
     4.99689           0 0.000559793 0.000500694
     5.18545           0 0.000387927 0.000346972
     5.37401           0           0           0
     5.56257           0           0           0


   0.0942809           0           0           0
    0.282843   0.0412323   0.0305774  0.00451117
    0.471405    0.062965   0.0760226  0.00988946
    0.659966    0.105223    0.137216   0.0108138
    0.848528    0.208651    0.227263   0.0314633
     1.03709    0.333096    0.276408   0.0232005
     1.22565    0.527364    0.416764   0.0415642
     1.41421    0.590915    0.502348   0.0363698
     1.60278    0.563784    0.523687   0.0413636
     1.79134    0.562769    0.478497   0.0303427
      1.9799    0.465657    0.438829   0.0207346
     2.16846    0.336527    0.361507   0.0111668
     2.35702    0.294838     0.33255   0.0142055
     2.54558    0.264291    0.361133   0.0623036
     2.73415    0.321164    0.300528   0.0236876
     2.92271    0.181093    0.235543   0.0242202
     3.11127    0.172109    0.188061   0.0196192
     3.29983   0.0974853    0.138051   0.0167241
     3.48839   0.0822386    0.109553   0.0118483
     3.67696   0.0532923   0.0754581  0.00705418
     3.86552   0.0371591   0.0399063  0.00818027
     4.05408  0.00144859   0.0304448  0.00962105
     4.24264           0   0.0119757  0.00490656
      4.4312           0  0.00589061  0.00336443
     4.61976           0  0.00282483     0.00248
     4.80833           0  0.00147314  0.00134479
     4.99689           0 0.000466494 0.000425849
     5.18545           0 0.000323272 0.000295106
     5.37401           0           0           0
     5.56257           0           0           0


   0.0942809           0           0           0
    0.282843   0.0497676   0.0333189   0.0046253
    0.471405   0.0802124   0.0766211  0.00849478
    0.659966    0.161235    0.140647  0.00979827
    0.848528    0.347366    0.244421    0.031299
     1.03709    0.396545     0.29357   0.0254545
     1.22565    0.522326    0.431844   0.0382645
     1.41421    0.557338    0.510203   0.0320113
     1.60278    0.635218     0.53962   0.0384007
     1.79134    0.469121    0.477158   0.0260376
      1.9799    0.297304    0.418611   0.0258114
     2.16846    0.252447    0.345927   0.0173112
     2.35702    0.277441    0.324677   0.0141909
     2.54558    0.263324     0.34716   0.0549476
     2.73415    0.328093    0.304466   0.0206283
     2.92271    0.177464    0.227246   0.0221358
     3.11127    0.191459    0.188546   0.0168225
     3.29983   0.0937899    0.131728   0.0154842
     3.48839   0.0591711    0.102356   0.0121466
     3.67696   0.0509215   0.0719529  0.00686228
     3.86552   0.0517317   0.0415957  0.00718398
     4.05408   0.0293646   0.0302905  0.00824785
     4.24264  0.00999279   0.0116924  0.00421379
      4.4312  0.00166956   0.0052876  0.00293733
     4.61976           0  0.00242128  0.00215829
     4.80833           0  0.00126269  0.00116902
     4.99689           0 0.000399852 0.000370191
     5.18545           0  0.00027709 0.000256536
     5.37401           0           0           0
     5.56257           0           0           0


   0.0942809           0           0           0
    0.282843   0.0361032   0.0336669  0.00406021
    0.471405   0.0997513   0.0795124  0.00790967
    0.659966    0.201103    0.148204   0.0111119
    0.848528    0.266822    0.247221   0.0275116
     1.03709    0.351583    0.300822   0.0232827
     1.22565     0.39264    0.426944   0.0337938
     1.41421    0.542577     0.51425   0.0282645
     1.60278    0.480662     0.53225   0.0343005
     1.79134    0.511928    0.481504   0.0231428
      1.9799    0.565098    0.436922   0.0283454
     2.16846    0.414124    0.354452    0.017118
     2.35702    0.229544    0.312785   0.0166709
     2.54558    0.299644    0.341221   0.0483991
     2.73415    0.230521    0.295223   0.0200138
     2.92271    0.182108    0.221604    0.020075
     3.11127    0.186619    0.188306   0.0147214
     3.29983    0.156313    0.134801   0.0138503
     3.48839   0.0663817   0.0978591   0.0114304
     3.67696   0.0318333   0.0669379   0.0076197
     3.86552   0.0321303   0.0404125  0.00638267
     4.05408   0.0235514   0.0294481  0.00725976
     4.24264 0.000270076   0.0102646  0.00392151
      4.4312  0.00108443   0.0047622  0.00261673
     4.61976 0.000908436  0.00223217  0.00189677
     4.80833           0  0.00110485   0.0010335
     4.99689           0 0.000349871 0.000327274
     5.18545           0 0.000242454 0.000226795
     5.37401           0           0           0
     5.56257           0           0           0


   0.0942809           0           0           0
    0.282843    0.022981   0.0324796  0.00377869
    0.471405    0.150238   0.0873708    0.010214
    0.659966    0.318349    0.167109   0.0203776
    0.848528    0.300553    0.253147   0.0250849
     1.03709    0.332118    0.304299   0.0209538
     1.22565    0.444601    0.428906   0.0300958
     1.41421    0.399129    0.501459   0.0278685
     1.60278    0.438557     0.52184   0.0320302
     1.79134    0.501813     0.48376   0.0206811
      1.9799    0.596584    0.454663    0.030242
     2.16846    0.375224     0.35676   0.0153708
     2.35702     0.30962    0.312434   0.0148222
     2.54558    0.309731    0.337722   0.0431477
     2.73415    0.289822    0.294623    0.017799
     2.92271     0.10752    0.208928   0.0214768
     3.11127     0.10057    0.178557   0.0159909
     3.29983   0.0645988    0.127001   0.0143406
     3.48839   0.0553655   0.0931376   0.0110927
     3.67696   0.0651318   0.0667373  0.00677571
     3.86552   0.0207713   0.0382301  0.00603506
     4.05408   0.0117115   0.0274774  0.00671529
     4.24264    0.020453   0.0113967  0.00364552
      4.4312   0.0350552  0.00812809  0.00393454
     4.61976  0.00329001  0.00234971  0.00168966
     4.80833  0.00287262  0.00130127 0.000937143
     4.99689    0.013652  0.00182789  0.00142353
     5.18545    0.011024   0.0014404  0.00114729
     5.37401  0.00196419 0.000218243 0.000205761
     5.56257           0           0           0


   0.0942809           0           0           0
    0.282843   0.0230792   0.0315395  0.00351581
    0.471405    0.111124   0.0897461  0.00946477
    0.659966    0.190256    0.169424   0.0184708
    0.848528    0.364995    0.264331   0.0249456
     1.03709    0.396078    0.313477   0.0207714
     1.22565    0.430918    0.429107   0.0270869
     1.41421    0.418568     0.49317   0.0262855
     1.60278    0.579828    0.527639   0.0293474
     1.79134    0.448203    0.480205   0.0189162
      1.9799    0.595345    0.468731   0.0303139
     2.16846      0.2879    0.349874   0.0152985
     2.35702    0.331407    0.314331   0.0134609
     2.54558    0.332905     0.33724   0.0388356
     2.73415     0.25311    0.290472   0.0164961
     2.92271    0.164501    0.204485   0.0197833
     3.11127    0.103341    0.171035   0.0160637
     3.29983   0.0779291    0.122094   0.0137205
     3.48839   0.0862523   0.0924491   0.0100048
     3.67696   0.0145595   0.0615195  0.00785429
     3.86552    0.041076   0.0385147  0.00543826
     4.05408  0.00311814   0.0250415   0.0064705
     4.24264 0.000220971   0.0102791  0.00344802
      4.4312 0.000220971  0.00733738  0.00361967
     4.61976 0.000294628   0.0021442  0.00153314
     4.80833   0.0133565  0.00250679  0.00142103
     4.99689   0.0203293  0.00367803  0.00217305
     5.18545   0.0118588  0.00248224  0.00142936
     5.37401  0.00252889 0.000449307 0.000286959
     5.56257           0           0           0


   0.0942809           0           0           0
    0.282843    0.027095   0.0311355  0.00321932
    0.471405   0.0401343    0.085236  0.00961909
    0.659966     0.17529    0.169957   0.0167994
    0.848528    0.344064     0.27158   0.0237075
     1.03709    0.380758    0.319593   0.0197631
     1.22565    0.435664    0.429703    0.024631
     1.41421    0.538006    0.497246   0.0242098
     1.60278    0.569709    0.531463   0.0269275
     1.79134    0.506331     0.48258    0.017345
      1.9799    0.411412     0.46352   0.0280024
     2.16846    0.492932    0.362879    0.018633
     2.35702    0.304178    0.313408   0.0122688
     2.54558    0.267631    0.330912    0.035817
     2.73415    0.191147    0.281442    0.017292
     2.92271    0.194127    0.203544   0.0180072
     3.11127    0.176922    0.171571   0.0146122
     3.29983   0.0780312    0.118088   0.0130448
     3.48839   0.0339251   0.0871287   0.0104143
     3.67696   0.0568907   0.0610987  0.00715153
     3.86552   0.0310373    0.037835  0.00498617
     4.05408   0.0164326   0.0242588  0.00592941
     4.24264  0.00978903   0.0102345  0.00313485
      4.4312  0.00201329  0.00685337  0.00332281
     4.61976  0.00031918  0.00197829  0.00140271
     4.80833 0.000417389  0.00231685  0.00130448
     4.99689   0.0155561  0.00475785  0.00222769
     5.18545  0.00348804  0.00257368  0.00130234
     5.37401           0 0.000408461 0.000263763
     5.56257           0           0           0


   0.0942809           0           0           0
    0.282843   0.0206253   0.0302596  0.00306788
    0.471405   0.0569591   0.0828796  0.00910155
    0.659966    0.199723    0.172438   0.0155815
    0.848528    0.270218    0.271466   0.0217322
     1.03709    0.329411    0.320411   0.0181331
     1.22565    0.537122    0.438655   0.0241503
     1.41421    0.584729    0.504536   0.0232641
     1.60278    0.494307    0.528367   0.0248609
     1.79134    0.553067    0.488454   0.0168649
      1.9799    0.464434    0.463596   0.0256689
     2.16846    0.538975    0.377554   0.0221164
     2.35702    0.255663    0.308596   0.0121535
     2.54558    0.219207    0.321603   0.0340204
     2.73415    0.222068    0.276494   0.0165437
     2.92271    0.208596    0.203965   0.0165115
     3.11127   0.0729823    0.163355   0.0155334
     3.29983   0.0653619    0.113694   0.0126761
     3.48839   0.0592151   0.0848026  0.00980276
     3.67696   0.0696451   0.0618109  0.00659094
     3.86552   0.0293329   0.0371264  0.00462072
     4.05408    0.040599   0.0256205  0.00558946
     4.24264  0.00801576   0.0100496  0.00287906
      4.4312  0.00304449  0.00653597  0.00306103
     4.61976           0  0.00181343  0.00129547
     4.80833           0  0.00212378  0.00120997
     4.99689           0  0.00436136  0.00207703
     5.18545           0   0.0023592  0.00121134
     5.37401           0 0.000374423 0.000243969
     5.56257           0           0           0


   0.0942809           0           0           0
    0.282843    0.016426   0.0291955  0.00301079
    0.471405   0.0342282   0.0791372  0.00913851
    0.659966    0.140739    0.169999   0.0145724
    0.848528    0.328393    0.275845   0.0204969
     1.03709    0.474731    0.332282   0.0202545
     1.22565    0.601604    0.451189   0.0253375
     1.41421    0.627255    0.513976   0.0233113
     1.60278    0.544706    0.529624   0.0229803
     1.79134     0.45811     0.48612   0.0157283
      1.9799    0.503286    0.466649   0.0238753
     2.16846    0.333554    0.374169   0.0206725
     2.35702    0.168384     0.29781   0.0152721
     2.54558    0.264485     0.31721   0.0316859
     2.73415    0.159837    0.267521   0.0175368
     2.92271    0.180638     0.20217   0.0153386
     3.11127    0.115054    0.159639   0.0147762
     3.29983    0.163525    0.117527   0.0122669
     3.48839    0.031206   0.0806798   0.0098777
     3.67696   0.0604492   0.0617061  0.00608477
     3.86552   0.0470682   0.0378912   0.0043281
     4.05408    0.047461   0.0273005   0.0054061
     4.24264   0.0021606   0.0094428   0.0027208
      4.4312           0   0.0060332  0.00286656
     4.61976           0  0.00167394  0.00120331
     4.80833           0  0.00196041  0.00112787
     4.99689           0  0.00402587  0.00194417
     5.18545           0  0.00217773  0.00113167
     5.37401           0 0.000345621 0.000226896
     5.56257           0           0           0


   0.0942809           0           0           0
    0.282843   0.0251228   0.0289046  0.00280975
    0.471405    0.157851   0.0847596   0.0100678
    0.659966    0.275027    0.177501   0.0153415
    0.848528    0.369553    0.282539    0.020096
     1.03709     0.43458    0.339589   0.0200826
     1.22565    0.469618    0.452506   0.0235619
     1.41421    0.564013     0.51755   0.0219184
     1.60278    0.383187    0.519164   0.0235995
     1.79134    0.536688    0.489732   0.0150139
      1.9799    0.488749    0.468228    0.022222
     2.16846    0.391135    0.375381   0.0192314
     2.35702    0.225493    0.292645   0.0150294
     2.54558    0.103039    0.301912   0.0329089
     2.73415   0.0974617    0.255374   0.0200546
     2.92271    0.177226    0.200389   0.0143461
     3.11127    0.162673    0.159856   0.0137224
     3.29983    0.130927    0.118484    0.011428
     3.48839   0.0796762   0.0806081  0.00917241
     3.67696    0.120418   0.0658998  0.00694658
     3.86552   0.0748515   0.0405312  0.00475646
     4.05408   0.0242983   0.0270861   0.0050242
     4.24264  0.00213605  0.00892089  0.00257603
      4.4312 0.000564703  0.00564259  0.00268829
     4.61976 0.000687465  0.00160348  0.00111942
     4.80833  0.00832324   0.0024149  0.00113519
     4.99689           0  0.00373831  0.00182644
     5.18545           0  0.00202217  0.00106147
     5.37401           0 0.000320934 0.000212028
     5.56257           0           0           0


   0.0942809           0           0           0
    0.282843   0.0561961    0.030724  0.00315703
    0.471405     0.14443   0.0887376   0.0101522
    0.659966    0.224265    0.180619   0.0146321
    0.848528    0.317575    0.284874   0.0188916
     1.03709    0.398698     0.34353   0.0191264
     1.22565    0.465849    0.453395   0.0220079
     1.41421    0.593535    0.522616   0.0210345
     1.60278    0.487878    0.517078   0.0221182
     1.79134    0.417073    0.484888   0.0147737
      1.9799    0.423606    0.465253   0.0209387
     2.16846     0.45975    0.381006   0.0187538
     2.35702    0.270603    0.291175   0.0140991
     2.54558    0.195669    0.294829    0.031468
     2.73415    0.154874    0.248674   0.0198052
     2.92271    0.104935    0.194025   0.0147336
     3.11127     0.25779    0.166385   0.0142765
     3.29983     0.12475    0.118902   0.0106738
     3.48839   0.0482972    0.078454  0.00881022
     3.67696    0.112848   0.0690297   0.0071539
     3.86552   0.0100621   0.0384999  0.00485375
     4.05408  0.00390474   0.0255407   0.0049212
     4.24264 0.000589256  0.00836544  0.00246344
      4.4312  0.00680099  0.00571982  0.00251018
     4.61976   0.0143106  0.00245062  0.00132717
     4.80833  0.00778469  0.00277288  0.00111453
     4.99689  0.00122762  0.00357093  0.00171233
     5.18545           0  0.00188736 0.000999234
     5.37401           0 0.000299538 0.000198969
     5.56257           0           0           0


   0.0942809           0           0           0
    0.282843   0.0518391   0.0320437  0.00322376
    0.471405    0.100253   0.0894573  0.00954315
    0.659966    0.286593    0.187242   0.0151426
    0.848528    0.268503    0.283851   0.0177385
     1.03709    0.252358    0.337832   0.0187607
     1.22565    0.577199    0.461133   0.0219505
     1.41421    0.513351    0.522037   0.0197278
     1.60278    0.539519    0.518481   0.0207802
     1.79134    0.475127    0.484278   0.0138629
      1.9799    0.417726    0.462282   0.0198396
     2.16846    0.411206    0.382893   0.0176764
     2.35702    0.264976    0.289538   0.0133127
     2.54558    0.322337    0.296548   0.0295482
     2.73415    0.211126    0.246327   0.0187059
     2.92271    0.116493    0.189179   0.0145879
     3.11127    0.208256    0.169002   0.0136219
     3.29983    0.119312    0.118928   0.0100067
     3.48839   0.0577321   0.0771589  0.00835423
     3.67696   0.0440005   0.0674654  0.00687569
     3.86552   0.0104889   0.0367493  0.00485587
     4.05408  0.00579481   0.0243066  0.00476586
     4.24264           0   0.0078426  0.00236431
      4.4312           0  0.00536233  0.00237861
     4.61976   0.0491115  0.00536692  0.00308567
     4.80833           0  0.00259958  0.00105826
     4.99689           0  0.00334775  0.00161979
     5.18545           0   0.0017694 0.000943719
     5.37401           0 0.000280817 0.000187412
     5.56257           0           0           0


   0.0942809           0           0           0
    0.282843   0.0238894   0.0315641  0.00306961
    0.471405   0.0895175   0.0894608  0.00898179
    0.659966    0.180549    0.186849    0.014257
    0.848528     0.27469    0.283312   0.0167033
     1.03709    0.455567    0.344757   0.0188922
     1.22565    0.511603    0.464102   0.0208591
     1.41421    0.440654    0.517249   0.0191393
     1.60278    0.436479    0.513657   0.0201099
     1.79134    0.525271    0.486689   0.0132555
      1.9799    0.478658    0.463246    0.018696
     2.16846    0.330237    0.379796   0.0169058
     2.35702    0.340077    0.292511   0.0128572
     2.54558     0.31594    0.297689    0.027832
     2.73415    0.178623    0.242344   0.0180245
     2.92271    0.256741    0.193153   0.0142608
     3.11127    0.225906    0.172349   0.0132255
     3.29983    0.153066    0.120936  0.00961743
     3.48839   0.0278389   0.0742577  0.00835137
     3.67696   0.0267386   0.0650697  0.00687595
     3.86552  0.00471519   0.0348649  0.00492229
     4.05408  0.00434576   0.0231324  0.00462789
     4.24264  0.00272531  0.00754159  0.00224432
      4.4312  0.00127672    0.005122   0.0022508
     4.61976  0.00878973  0.00556826  0.00291073
     4.80833  0.00522964  0.00275429  0.00100726
     4.99689  0.00417389  0.00339635  0.00152524
     5.18545           0  0.00166532 0.000893927
     5.37401           0 0.000264298 0.000177114
     5.56257           0           0           0


   0.0942809           0           0           0
    0.282843  0.00883883   0.0303016  0.00314802
    0.471405   0.0827025   0.0890854  0.00849065
    0.659966    0.248743    0.190287   0.0138734
    0.848528    0.240517    0.280935   0.0159436
     1.03709    0.374465    0.346408   0.0179146
     1.22565    0.461288    0.463945   0.0197009
     1.41421    0.511192    0.516913    0.018079
     1.60278    0.495627    0.512655   0.0190176
     1.79134    0.573627    0.491519   0.0133701
      1.9799     0.52088    0.466448   0.0179294
     2.16846    0.374269    0.379489   0.0159694
     2.35702    0.329823    0.294584   0.0123089
     2.54558    0.270984    0.296205   0.0263253
     2.73415    0.149934     0.23721   0.0177392
     2.92271    0.217042    0.194481   0.0135302
     3.11127    0.111528     0.16897   0.0129152
     3.29983    0.100159    0.119782  0.00915213
     3.48839   0.0838358   0.0747898  0.00790434
     3.67696   0.0469245   0.0640616  0.00656743
     3.86552   0.0764158   0.0371733   0.0051618
     4.05408   0.0185381   0.0228772  0.00437782
     4.24264  0.00596621  0.00745407  0.00212134
      4.4312           0  0.00483744  0.00214367
     4.61976           0  0.00525892  0.00276541
     4.80833           0  0.00260127  0.00096285
     4.99689           0  0.00320766  0.00145213
     5.18545           0   0.0015728 0.000849038
     5.37401           0 0.000249615 0.000167882
     5.56257           0           0           0


   0.0942809           0           0           0
    0.282843   0.0153452   0.0295144  0.00307918
    0.471405    0.090819   0.0891766  0.00804426
    0.659966    0.205601    0.191093   0.0131667
    0.848528    0.257161    0.279684   0.0151535
     1.03709    0.288956    0.343384    0.017225
     1.22565    0.544939    0.468208   0.0191196
     1.41421    0.570964    0.519758   0.0173499
     1.60278     0.43627    0.508635   0.0184367
     1.79134    0.550488    0.494623   0.0130217
      1.9799    0.501972    0.468317    0.017083
     2.16846    0.415916    0.381406   0.0152435
     2.35702    0.480464    0.304367    0.015055
     2.54558    0.280142     0.29536   0.0249534
     2.73415    0.215864    0.236087   0.0168411
     2.92271   0.0637869    0.187602   0.0144612
     3.11127     0.11601    0.166183   0.0125326
     3.29983    0.142109    0.120957  0.00874556
     3.48839   0.0396029   0.0729379  0.00770222
     3.67696   0.0520264   0.0634282  0.00625225
     3.86552   0.0279405   0.0366873  0.00491295
     4.05408  0.00692375   0.0220375  0.00422716
     4.24264           0  0.00706175  0.00204564
      4.4312           0  0.00458284  0.00204591
     4.61976           0  0.00498213  0.00263368
     4.80833           0  0.00246436 0.000921856
     4.99689           0  0.00303884  0.00138548
     5.18545           0  0.00149002 0.000808378
     5.37401           0 0.000236478  0.00015956
     5.56257           0           0           0


   0.0942809           0           0           0
    0.282843   0.0480694   0.0304421  0.00306179
    0.471405   0.0994618   0.0896909  0.00765847
    0.659966     0.19023     0.19105   0.0125084
    0.848528    0.240283    0.277714   0.0145233
     1.03709    0.240586    0.338244   0.0171135
     1.22565    0.618433    0.475719   0.0195835
     1.41421    0.515946    0.519567   0.0164834
     1.60278    0.465324    0.506469   0.0176416
     1.79134    0.478091    0.493796   0.0123968
      1.9799    0.676872    0.478745   0.0191487
     2.16846    0.370213    0.380846   0.0144916
     2.35702    0.302298    0.304263   0.0143026
     2.54558    0.303673    0.295775   0.0237092
     2.73415    0.230154     0.23579   0.0160017
     2.92271    0.175514    0.186998   0.0137508
     3.11127   0.0753214     0.16164   0.0127028
     3.29983    0.112965    0.120557   0.0083174
     3.48839   0.0783183   0.0732069  0.00732181
     3.67696   0.0303337   0.0617734  0.00615471
     3.86552   0.0297068   0.0363383  0.00467968
     4.05408   0.0191298   0.0218921   0.0040183
     4.24264  0.00237905  0.00682761  0.00195671
      4.4312           0   0.0043537   0.0019564
     4.61976           0  0.00473302  0.00251374
     4.80833           0  0.00234114  0.00088396
     4.99689           0  0.00288689  0.00132451
     5.18545           0  0.00141552 0.000771384
     5.37401           0 0.000224654 0.000152019
     5.56257           0           0           0


   0.0942809           0           0           0
    0.282843   0.0298478   0.0304138  0.00291613
    0.471405   0.0779176   0.0891303  0.00731427
    0.659966    0.149131    0.189054    0.012071
    0.848528    0.223909    0.275151   0.0140559
     1.03709    0.358106     0.33919   0.0163246
     1.22565    0.560769    0.479769   0.0190652
     1.41421    0.542105     0.52064   0.0157334
     1.60278     0.66025    0.513792   0.0182582
     1.79134    0.482555    0.493261    0.011818
      1.9799    0.493164    0.479432   0.0182492
     2.16846    0.381137     0.38086   0.0138016
     2.35702    0.314802    0.304765   0.0136304
     2.54558    0.201462    0.291284   0.0230016
     2.73415    0.172317    0.232768   0.0155225
     2.92271    0.167629    0.186075   0.0131269
     3.11127    0.180666    0.162546   0.0121301
     3.29983    0.135344    0.121261  0.00795108
     3.48839    0.101225   0.0745411  0.00709367
     3.67696   0.0219456   0.0598769   0.0061469
     3.86552   0.0110775   0.0351354  0.00460885
     4.05408  0.00423768   0.0210514  0.00391391
     4.24264   0.0177199  0.00734629  0.00193106
      4.4312  0.00949236   0.0045984  0.00187848
     4.61976  0.00622023  0.00480384  0.00239504
     4.80833   0.0002726  0.00224264 0.000847337
     4.99689           0  0.00274942  0.00126855
     5.18545           0  0.00134812 0.000737591
     5.37401           0 0.000213956 0.000145156
     5.56257           0           0           0


   0.0942809           0           0           0
    0.282843   0.0248938   0.0301629  0.00279435
    0.471405    0.136268   0.0912729  0.00728888
    0.659966    0.162508    0.187847   0.0115825
    0.848528    0.293728    0.275996   0.0134423
     1.03709     0.33082    0.338809   0.0155871
     1.22565    0.394347    0.475887   0.0185898
     1.41421    0.442904    0.517107   0.0154099
     1.60278    0.610014    0.518166   0.0179445
     1.79134    0.674641    0.501505   0.0138615
      1.9799    0.550236     0.48265   0.0177012
     2.16846    0.317446    0.377978   0.0134718
     2.35702    0.266977    0.303048   0.0131186
     2.54558    0.192496    0.286794   0.0223901
     2.73415    0.228534    0.232575   0.0148182
     2.92271    0.216195    0.187444   0.0126014
     3.11127    0.206379    0.164538   0.0117413
     3.29983    0.089125    0.119801  0.00772268
     3.48839   0.0976975   0.0755937  0.00684888
     3.67696    0.060393   0.0599003  0.00586754
     3.86552  0.00649632   0.0338336  0.00457951
     4.05408  0.00120306   0.0201492  0.00383858
     4.24264           0  0.00701237  0.00187193
      4.4312           0  0.00438938  0.00180469
     4.61976           0  0.00458549  0.00229611
     4.80833           0   0.0021407  0.00081493
     4.99689           0  0.00262445  0.00121703
     5.18545           0  0.00128684 0.000706605
     5.37401           0 0.000204231 0.000138883
     5.56257           0           0           0


   0.0942809           0           0           0
    0.282843   0.0278185    0.030061  0.00267471
    0.471405   0.0872862   0.0910996  0.00697403
    0.659966     0.15918    0.186601   0.0111457
    0.848528    0.322953    0.278037    0.013012
     1.03709    0.382547    0.340711   0.0150249
     1.22565    0.460331     0.47521   0.0177938
     1.41421    0.486151    0.515761   0.0147986
     1.60278    0.687279    0.525519   0.0186099
     1.79134    0.501684    0.501513   0.0132588
      1.9799    0.484585    0.482734   0.0169318
     2.16846    0.272671    0.373399    0.013642
     2.35702    0.226337    0.299712   0.0129652
     2.54558    0.256475    0.285476   0.0214554
     2.73415    0.338768    0.237192   0.0148758
     2.92271    0.203597    0.188147   0.0120731
     3.11127    0.147453    0.163795   0.0112543
     3.29983   0.0839056     0.11824  0.00754296
     3.48839   0.0838005   0.0759505  0.00656039
     3.67696   0.0515353   0.0595366  0.00562369
     3.86552   0.0203328   0.0332466  0.00441786
     4.05408  0.00915801   0.0196714  0.00370131
     4.24264   0.0074148  0.00702987  0.00179063
      4.4312  0.00203784  0.00428714  0.00172911
     4.61976           0  0.00438612  0.00220491
     4.80833           0  0.00204763 0.000784796
     4.99689           0  0.00251034  0.00116945
     5.18545           0  0.00123089 0.000678094
     5.37401           0 0.000195351 0.000133129
     5.56257           0           0           0


   0.0942809           0           0           0
    0.282843   0.0242366   0.0298183  0.00257425
    0.471405    0.112784   0.0920031  0.00674172
    0.659966    0.184796    0.186526   0.0106816
    0.848528    0.277415    0.278011   0.0124699
     1.03709    0.318886    0.339802   0.0144264
     1.22565    0.468521    0.474932   0.0170546
     1.41421    0.518934    0.515893   0.0141826
     1.60278    0.614322    0.529219   0.0181986
     1.79134    0.423079    0.498245   0.0131029
      1.9799    0.437927    0.480867   0.0163289
     2.16846     0.35788    0.372753   0.0130889
     2.35702    0.366916    0.302513   0.0127238
     2.54558    0.296752    0.285946   0.0205665
     2.73415    0.272746    0.238674   0.0143296
     2.92271    0.172923    0.187512   0.0115867
     3.11127    0.132313    0.162484   0.0108615
     3.29983    0.183458    0.120957  0.00770262
     3.48839   0.0917192   0.0766075  0.00631985
     3.67696   0.0251964   0.0581058  0.00556842
     3.86552   0.0105609   0.0323014  0.00433372
     4.05408   0.0119359    0.019349   0.0035611
     4.24264           0  0.00673696  0.00173981
      4.4312           0  0.00410851  0.00166627
     4.61976           0  0.00420336   0.0021206
     4.80833           0  0.00196231 0.000756719
     4.99689           0  0.00240574  0.00112539
     5.18545           0   0.0011796 0.000651777
     5.37401           0 0.000187211  0.00012783
     5.56257           0           0           0


   0.0942809           0           0           0
    0.282843   0.0412279   0.0302747  0.00251141
    0.471405    0.151989   0.0944025  0.00688581
    0.659966     0.22665    0.188131   0.0103742
    0.848528    0.308677    0.279238   0.0120312
     1.03709    0.381143    0.341455   0.0139438
     1.22565    0.435518    0.473355   0.0164451
     1.41421    0.454331    0.513431   0.0138274
     1.60278    0.529569    0.529233   0.0174706
     1.79134    0.454943    0.496513   0.0126928
      1.9799    0.393396    0.477368   0.0160462
     2.16846    0.399771    0.373833   0.0126099
     2.35702    0.340421    0.304029   0.0123049
     2.54558     0.35486    0.288702   0.0199277
     2.73415    0.256666    0.239393   0.0137744
     2.92271     0.21748    0.188711   0.0111851
     3.11127    0.110083    0.160388   0.0106274
     3.29983    0.140377    0.121734  0.00743358
     3.48839   0.0435359   0.0752847  0.00620396
     3.67696  0.00950221   0.0561617  0.00567493
     3.86552   0.0192782   0.0317805  0.00419157
     4.05408   0.0249947   0.0195749  0.00342581
     4.24264  0.00758667  0.00677094  0.00167055
      4.4312  0.00130127  0.00399622   0.0016034
     4.61976           0  0.00403523  0.00204243
     4.80833           0  0.00188382  0.00073051
     4.99689           0  0.00230952  0.00108448
     5.18545           0  0.00113242 0.000627411
     5.37401           0 0.000179723 0.000122936
     5.56257           0           0           0


   0.0942809           0           0           0
    0.282843  0.00613808   0.0293464   0.0025807
    0.471405    0.135897   0.0959984  0.00680341
    0.659966    0.156314    0.186907   0.0100471
    0.848528    0.288945    0.279611   0.0115743
     1.03709    0.361877    0.342241   0.0134296
     1.22565    0.494649    0.474174    0.015833
     1.41421    0.639729    0.518288   0.0141231
     1.60278    0.508501    0.528435   0.0168169
     1.79134    0.369398    0.491624   0.0131124
      1.9799    0.471988    0.477161   0.0154304
     2.16846    0.373654    0.373826   0.0121249
     2.35702    0.347216     0.30569   0.0119432
     2.54558     0.23373    0.286588   0.0192731
     2.73415    0.285385    0.241162   0.0133578
     2.92271    0.222261    0.190002    0.010829
     3.11127    0.159574    0.160356   0.0102187
     3.29983    0.163379    0.123336  0.00731821
     3.48839   0.0324609   0.0736376  0.00618012
     3.67696  0.00348918   0.0541358  0.00580702
     3.86552 0.000834779   0.0305903  0.00419594
     4.05408   0.0175058   0.0194953  0.00329497
     4.24264   0.0286799   0.0076136  0.00180636
      4.4312  0.00169411  0.00390768  0.00154417
     4.61976           0  0.00388003  0.00196977
     4.80833           0  0.00181136 0.000705997
     4.99689           0  0.00222069   0.0010464
     5.18545           0  0.00108886  0.00060479
     5.37401           0 0.000172811 0.000118402
     5.56257           0           0           0


   0.0942809           0           0           0
    0.282843   0.0375006   0.0296484  0.00250273
    0.471405   0.0916017   0.0958356  0.00655338
    0.659966    0.175371     0.18648  0.00968407
    0.848528    0.363073    0.282703    0.011551
     1.03709    0.468993    0.346935   0.0137282
     1.22565    0.394143     0.47121   0.0155215
     1.41421    0.529279    0.518695   0.0136058
     1.60278    0.581084    0.530385   0.0163067
     1.79134    0.508639    0.492254   0.0126419
      1.9799    0.553173    0.479977   0.0151135
     2.16846     0.33223    0.372286   0.0117733
     2.35702    0.278384    0.304679   0.0115436
     2.54558    0.254558    0.285402   0.0185958
     2.73415    0.172882    0.238633   0.0131002
     2.92271      0.1692    0.189231   0.0104553
     3.11127   0.0855026    0.157584   0.0102093
     3.29983   0.0599455    0.120988  0.00741421
     3.48839   0.0498102   0.0727551  0.00601391
     3.67696   0.0380699   0.0535408  0.00562235
     3.86552   0.0327856   0.0306716  0.00404132
     4.05408   0.0551576   0.0208161  0.00342746
     4.24264   0.0584639  0.00949694  0.00253798
      4.4312  0.00506627  0.00395059  0.00148758
     4.61976 0.000271452  0.00374638  0.00190134
     4.80833 0.000419455  0.00175981 0.000681729
     4.99689  0.00769658   0.0024235  0.00102711
     5.18545           0  0.00104853 0.000583733
     5.37401           0  0.00016641  0.00011419
     5.56257           0           0           0


   0.0942809           0           0           0
    0.282843   0.0913478   0.0318519  0.00324137
    0.471405     0.16405   0.0982718  0.00675701
    0.659966    0.135663    0.184665  0.00950675
    0.848528    0.219425    0.280443   0.0113574
     1.03709    0.354996    0.347223   0.0132409
     1.22565    0.490982    0.471916   0.0149833
     1.41421    0.528207    0.519035   0.0131242
     1.60278    0.533618    0.530501   0.0157247
     1.79134    0.570175    0.495037    0.012493
      1.9799    0.401439    0.477172   0.0148318
     2.16846    0.426696    0.374229   0.0115121
     2.35702    0.256068    0.302943   0.0112611
     2.54558    0.264631     0.28466   0.0179464
     2.73415    0.227206    0.238225   0.0126387
     2.92271    0.170623    0.188567    0.010103
     3.11127    0.127926    0.156525  0.00989952
     3.29983   0.0640921    0.118956  0.00742265
     3.48839    0.116729   0.0743256  0.00600068
     3.67696    0.034085   0.0528459  0.00546432
     3.86552   0.0623873   0.0318043  0.00405262
     4.05408   0.0470237   0.0217521  0.00343047
     4.24264    0.012071  0.00958887    0.002449
      4.4312  0.00386068  0.00394738  0.00143445
     4.61976           0  0.00361258  0.00183814
     4.80833           0  0.00169696 0.000660272
     4.99689           0  0.00233694 0.000994073
     5.18545           0  0.00101109 0.000564086
     5.37401           0 0.000160467 0.000110266
     5.56257           0           0           0


   0.0942809           0           0           0
    0.282843   0.0957803   0.0340563  0.00380609
    0.471405   0.0552427   0.0967881  0.00668494
    0.659966    0.107298    0.181997  0.00954592
    0.848528    0.278067    0.280361   0.0109661
     1.03709    0.453436    0.350886   0.0132812
     1.22565     0.56767    0.475218   0.0148259
     1.41421     0.62268    0.522609   0.0131492
     1.60278     0.35537    0.524462   0.0163009
     1.79134     0.46795    0.494103    0.012097
      1.9799    0.529395    0.478973   0.0144292
     2.16846    0.453798    0.376973   0.0114374
     2.35702    0.322919    0.303631   0.0108939
     2.54558    0.260707    0.283834   0.0173466
     2.73415    0.193684    0.236689   0.0122959
     2.92271    0.161834    0.187645  0.00979662
     3.11127   0.0930574    0.154336  0.00979709
     3.29983    0.100267    0.118312  0.00719461
     3.48839   0.0922499   0.0749437   0.0058255
     3.67696   0.0316731   0.0521158  0.00532444
     3.86552  0.00668053   0.0309379   0.0040044
     4.05408   0.0010803   0.0210393  0.00338543
     4.24264   0.0068992  0.00949612  0.00236631
      4.4312  0.00392837  0.00394672  0.00138499
     4.61976  0.00402658  0.00362685  0.00177481
     4.80833  0.00198874  0.00170702 0.000637581
     4.99689 0.000368285  0.00226906 0.000962109
     5.18545   0.0282234  0.00194944  0.00107088
     5.37401  0.00582338  0.00035574 0.000219434
     5.56257  0.00120306  4.1485e-05 4.07634e-05


   0.0942809           0           0           0
    0.282843    0.101159   0.0362931  0.00428636
    0.471405    0.105541   0.0970798  0.00646847
    0.659966    0.186462    0.182146  0.00922888
    0.848528    0.376209    0.283556   0.0110562
     1.03709    0.301228     0.34923   0.0129413
     1.22565    0.368523    0.471661   0.0147522
     1.41421    0.473135     0.52096   0.0128139
     1.60278    0.513485    0.524096   0.0157616
     1.79134    0.546737    0.495857   0.0118203
      1.9799    0.489969    0.479339   0.0139529
     2.16846    0.535699    0.382264   0.0122188
     2.35702    0.301056    0.303545   0.0105311
     2.54558    0.266803    0.283266   0.0167777
     2.73415    0.208175    0.235739   0.0119227
     2.92271    0.229895    0.189053  0.00957076
     3.11127    0.135512    0.153709  0.00949059
     3.29983    0.031703    0.115425  0.00751171
     3.48839   0.0208722   0.0731413  0.00590356
     3.67696   0.0407254   0.0517361  0.00516048
     3.86552    0.019571    0.030559   0.0038888
     4.05408  0.00171866   0.0203953  0.00333327
     4.24264   0.0436655   0.0106351  0.00254684
      4.4312 0.000519729  0.00383249  0.00134352
     4.61976   0.0032432  0.00361406  0.00171569
     4.80833  0.00169663  0.00170668 0.000616328
     4.99689           0  0.00219342 0.000933007
     5.18545           0  0.00188446  0.00103715
     5.37401           0 0.000343882 0.000212439
     5.56257           0 4.01021e-05 3.94281e-05


