T  	 	 mu 	 	 sigma 	 	 H 	 	 err
2	 	0.828838	 	1.11558	 	 0.535866	 	0.0309277
1.98	 	1.05841	 	0.742366	 	 0.0449419	 	0.0141949
1.9602	 	0.842344	 	0.821642	 	 -0.204806	 	0.0129186
1.9406	 	1.30024	 	0.487519	 	 0.60715	 	0.00996441
1.92119	 	0.276122	 	1.0014	 	 -0.251949	 	0.0074382
1.90198	 	0.713685	 	0.512764	 	 -0.309414	 	0.00512817
1.88296	 	0.804508	 	0.532532	 	 -0.377391	 	0.00490027
1.86413	 	0.965457	 	0.92844	 	 0.307457	 	0.0232058
1.84549	 	0.761745	 	1.38613	 	 1.73185	 	0.0667652
1.82703	 	0.941872	 	1.52887	 	 3.79852	 	0.111505
1.80876	 	1.18431	 	1.02699	 	 1.85327	 	0.0507962
1.79068	 	0.900524	 	0.973743	 	 0.312073	 	0.0232375
1.77277	 	0.424565	 	1.43576	 	 1.0378	 	0.0659633
1.75504	 	0.617753	 	0.340813	 	 0.845229	 	0.017938
1.73749	 	0.978141	 	0.687688	 	 -0.257416	 	0.00782618
1.72012	 	0.0298179	 	0.732864	 	 0.00815001	 	0.0065361
1.70292	 	1.30969	 	0.657429	 	 0.953221	 	0.0228232
1.68589	 	1.48979	 	0.735877	 	 2.96461	 	0.0527637
1.66903	 	0.748766	 	0.974322	 	 -0.000233992	 	0.0210859
1.65234	 	0.593959	 	1.22761	 	 0.368595	 	0.0308618
1.63581	 	0.62879	 	0.688061	 	 -0.347732	 	0.00335039
1.61946	 	0.664158	 	1.21613	 	 0.579367	 	0.0388661
1.60326	 	0.0673871	 	1.32751	 	 0.245837	 	0.0279583
1.58723	 	1.24329	 	0.527238	 	 0.379985	 	0.0101575
1.57136	 	0.840854	 	0.405325	 	 0.245576	 	0.0117029
1.55564	 	0.489783	 	0.763914	 	 -0.260276	 	0.00394682
1.54009	 	0.265523	 	0.922605	 	 -0.241984	 	0.00580322
1.52469	 	0.0485581	 	0.819476	 	 -0.139478	 	0.00552072
1.50944	 	0.311595	 	1.36371	 	 0.515304	 	0.0347525
1.49434	 	0.783159	 	0.555487	 	 -0.408693	 	0.00368526
1.4794	 	0.893039	 	0.721765	 	 -0.312556	 	0.00823845
1.46461	 	0.684071	 	1.13829	 	 0.28243	 	0.0319056
1.44996	 	0.969783	 	0.33582	 	 0.935507	 	0.0146516
1.43546	 	0.920507	 	0.780197	 	 -0.183357	 	0.0140123
1.42111	 	0.184955	 	0.993163	 	 -0.254833	 	0.00665389
1.4069	 	1.31325	 	0.609052	 	 0.859616	 	0.025377
1.39283	 	0.384057	 	1.2235	 	 0.174568	 	0.0332661
1.3789	 	0.905874	 	1.54135	 	 3.80237	 	0.124342
1.36511	 	0.696489	 	0.534386	 	 -0.352854	 	0.00414011
1.35146	 	0.949786	 	1.40106	 	 2.99703	 	0.105494
1.33794	 	0.228496	 	0.593458	 	 0.232322	 	0.00743989
1.32456	 	1.46362	 	0.658825	 	 2.22516	 	0.0370886
1.31132	 	0.259905	 	1.36661	 	 0.502937	 	0.0404887
1.29821	 	1.1342	 	0.684859	 	 0.192012	 	0.0178585
1.28522	 	0.33762	 	1.27816	 	 0.206194	 	0.0270649
1.27237	 	0.727091	 	1.06799	 	 0.1457	 	0.0237494
1.25965	 	0.318301	 	0.574979	 	 0.156233	 	0.00732984
1.24705	 	0.518071	 	0.423663	 	 0.0468991	 	0.00962112
1.23458	 	0.452871	 	0.847922	 	 -0.266515	 	0.00543241
1.22223	 	0.665051	 	0.678435	 	 -0.377702	 	0.00303619
1.21001	 	0.946702	 	1.09832	 	 0.903052	 	0.0369608
1.19791	 	1.11157	 	0.630984	 	 -8.83905e-05	 	0.0105828
1.18593	 	0.413824	 	0.890806	 	 -0.248002	 	0.00679348
1.17407	 	0.955192	 	1.14204	 	 1.09696	 	0.0475895
1.16233	 	1.16488	 	0.686276	 	 0.263126	 	0.0150843
1.15071	 	0.527619	 	1.33082	 	 0.751257	 	0.0464031
1.1392	 	0.802025	 	0.749346	 	 -0.36433	 	0.00717448
1.12781	 	0.893154	 	1.24704	 	 1.3716	 	0.0538189
1.11653	 	0.955762	 	0.863715	 	 0.101802	 	0.0206188
1.10537	 	0.373627	 	1.19452	 	 -0.00578843	 	0.0185078
1.09431	 	0.0879231	 	1.43709	 	 0.836881	 	0.0601091
1.08337	 	0.243905	 	0.486703	 	 0.511811	 	0.01056
1.07254	 	0.601823	 	1.15541	 	 0.220339	 	0.0259472
1.06181	 	0.933695	 	0.802761	 	 -0.111387	 	0.0141627
1.05119	 	0.789269	 	0.85853	 	 -0.213534	 	0.0116127
1.04068	 	0.537895	 	0.69735	 	 -0.267293	 	0.00421286
1.03027	 	0.243232	 	0.730763	 	 -0.0565403	 	0.00576919
1.01997	 	0.800522	 	0.559929	 	 -0.413103	 	0.00313312
1.00977	 	0.535039	 	1.01836	 	 -0.156253	 	0.0135351
0.999674	 	0.0991331	 	1.18211	 	 -0.0885384	 	0.0269035
0.989677	 	1.19437	 	0.348283	 	 0.926368	 	0.0145497
0.979781	 	0.181342	 	1.24568	 	 0.0946606	 	0.021275
0.969983	 	0.764326	 	1.25943	 	 1.06117	 	0.0668866
0.960283	 	0.111853	 	1.10846	 	 -0.209897	 	0.0108418
0.95068	 	0.136535	 	0.912552	 	 -0.233421	 	0.00595778
0.941173	 	1.11628	 	1.0231	 	 1.46817	 	0.043236
0.931762	 	0.825716	 	0.736812	 	 -0.354332	 	0.00722081
0.922444	 	0.755126	 	0.478187	 	 -0.218315	 	0.00729307
0.913219	 	0.0275562	 	1.06942	 	 -0.23438	 	0.00924464
0.904087	 	0.606246	 	0.776774	 	 -0.318443	 	0.00527645
0.895046	 	1.11969	 	0.490233	 	 0.0624546	 	0.00676056
0.886096	 	1.35278	 	0.502364	 	 0.853145	 	0.0135579
0.877235	 	0.827719	 	0.638146	 	 -0.437953	 	0.00407173
0.868463	 	0.15538	 	0.835211	 	 -0.171916	 	0.00557875
0.859778	 	0.732513	 	0.38096	 	 0.421403	 	0.0137111
0.85118	 	1.17726	 	0.726212	 	 0.481631	 	0.0213485
0.842668	 	1.03461	 	0.554933	 	 -0.197931	 	0.00432228
0.834242	 	1.00488	 	0.859116	 	 0.220513	 	0.0212795
0.825899	 	0.446768	 	0.598044	 	 -0.085957	 	0.00610201
0.81764	 	0.896773	 	0.452438	 	 -0.0355678	 	0.00849297
0.809464	 	0.559489	 	0.972343	 	 -0.184096	 	0.0150324
0.801369	 	0.704378	 	0.783928	 	 -0.332556	 	0.00684602
0.793356	 	0.776093	 	0.496108	 	 -0.28807	 	0.00625469
0.785422	 	0.483861	 	1.02608	 	 -0.16533	 	0.0128994
0.777568	 	0.341098	 	0.35576	 	 0.633647	 	0.00905971
0.769792	 	1.24536	 	0.369078	 	 0.820462	 	0.012743
0.762094	 	0.922643	 	0.559236	 	 -0.353064	 	0.00320873
0.754473	 	0.838113	 	0.808057	 	 -0.225967	 	0.0121751
0.746929	 	0.293389	 	0.897455	 	 -0.240477	 	0.00521453
0.739459	 	0.590435	 	1.12453	 	 0.0901059	 	0.0258821
0.732065	 	0.00596154	 	0.847927	 	 -0.171272	 	0.0046537
0.724744	 	0.896606	 	0.507891	 	 -0.264011	 	0.00578606
0.717497	 	0.134953	 	0.981371	 	 -0.253886	 	0.00665207
0.710322	 	0.774424	 	0.543507	 	 -0.382974	 	0.00419806
0.703218	 	0.389639	 	1.02606	 	 -0.224681	 	0.0111334
0.696186	 	0.862581	 	0.833305	 	 -0.169444	 	0.0118483
0.689224	 	0.840347	 	0.826217	 	 -0.200634	 	0.0109393
0.682332	 	0.513761	 	1.0607	 	 -0.122135	 	0.0163599
0.675509	 	0.627146	 	1.14061	 	 0.195662	 	0.0273113
0.668754	 	0.312613	 	1.36008	 	 0.530602	 	0.0408416
0.662066	 	0.360786	 	1.28144	 	 0.280833	 	0.0281546
0.655446	 	0.0696229	 	1.28106	 	 0.136577	 	0.026529
0.648891	 	1.30373	 	0.644667	 	 0.904628	 	0.0245745
0.642402	 	0.530547	 	0.545173	 	 -0.172985	 	0.00514502
0.635978	 	0.974509	 	0.326369	 	 1.03926	 	0.021026
0.629618	 	0.537083	 	0.6482	 	 -0.255233	 	0.00435004
0.623322	 	1.04064	 	0.741076	 	 0.00127644	 	0.0135462
0.617089	 	0.125076	 	0.716528	 	 0.0257625	 	0.00624662
0.610918	 	0.302676	 	1.17172	 	 -0.0308288	 	0.0212934
0.604809	 	1.20625	 	0.456234	 	 0.345844	 	0.00774947
0.598761	 	0.859165	 	0.599712	 	 -0.428715	 	0.00296209
0.592773	 	0.268579	 	0.824413	 	 -0.180174	 	0.00451524
0.586845	 	0.455797	 	1.07031	 	 -0.115822	 	0.0158381
0.580977	 	0.968948	 	0.668888	 	 -0.288379	 	0.00723274
0.575167	 	0.753692	 	1.00954	 	 0.100579	 	0.0250268
0.569416	 	0.0124346	 	1.10624	 	 -0.197413	 	0.0112685
0.563721	 	0.74037	 	0.741245	 	 -0.373737	 	0.00525082
0.558084	 	1.0757	 	0.711488	 	 0.0197127	 	0.0135144
0.552503	 	0.669598	 	1.1092	 	 0.195249	 	0.0315418
0.546978	 	0.43973	 	1.39586	 	 0.916533	 	0.0511324
0.541509	 	0.154458	 	1.05103	 	 -0.242083	 	0.00915119
0.536093	 	1.02293	 	0.830304	 	 0.173415	 	0.0199168
0.530732	 	0.0924038	 	0.686425	 	 0.0958949	 	0.00668972
0.525425	 	0.460733	 	0.840988	 	 -0.267764	 	0.00576309
0.520171	 	0.332349	 	1.04743	 	 -0.211002	 	0.0110752
0.514969	 	0.528957	 	0.777751	 	 -0.284863	 	0.00506615
0.50982	 	1.00901	 	0.623513	 	 -0.264283	 	0.00705887
0.504721	 	1.06439	 	0.921322	 	 0.646717	 	0.0325149
0.499674	 	1.18508	 	0.441235	 	 0.335287	 	0.0084116
0.494677	 	0.0741634	 	0.880234	 	 -0.197606	 	0.00511922
0.489731	 	1.08359	 	0.420055	 	 0.25171	 	0.00950705
0.484833	 	0.80849	 	1.19975	 	 0.872917	 	0.0507834
0.479985	 	1.12039	 	0.629201	 	 0.0261202	 	0.0107533
0.475185	 	0.825118	 	0.396308	 	 0.333315	 	0.0118904
0.470433	 	0.849612	 	0.877121	 	 -0.0900241	 	0.0185332
0.465729	 	0.131612	 	0.893623	 	 -0.221026	 	0.00452335
0.461072	 	0.562324	 	0.845735	 	 -0.286269	 	0.007791
0.456461	 	0.171986	 	1.11812	 	 -0.163301	 	0.0182896
0.451896	 	0.119043	 	1.24316	 	 0.0283877	 	0.0254889
0.447377	 	0.924458	 	0.525389	 	 -0.298383	 	0.00487008
0.442904	 	0.551774	 	0.881485	 	 -0.270435	 	0.00696358
0.438475	 	0.973365	 	0.665621	 	 -0.270668	 	0.00768489
0.43409	 	0.387393	 	1.42108	 	 0.916143	 	0.0444636
0.429749	 	0.748571	 	0.397928	 	 0.278331	 	0.0124753
0.425451	 	0.288092	 	1.30243	 	 0.267586	 	0.0251944
0.421197	 	0.236465	 	0.667968	 	 0.0570083	 	0.00685371
0.416985	 	0.622117	 	0.859346	 	 -0.264156	 	0.0104071
0.412815	 	0.582335	 	0.651775	 	 -0.297403	 	0.00318928
0.408687	 	0.907452	 	0.661307	 	 -0.380114	 	0.0054285
0.4046	 	0.622239	 	0.834067	 	 -0.296937	 	0.00737096
0.400554	 	0.504777	 	0.775177	 	 -0.271306	 	0.00463898
0.396549	 	0.38614	 	0.660147	 	 -0.0772042	 	0.00567343
0.392583	 	0.640255	 	0.695358	 	 -0.354349	 	0.00362316
0.388657	 	0.6133	 	0.531353	 	 -0.270456	 	0.00432185
0.384771	 	0.554241	 	0.652353	 	 -0.275341	 	0.00436028
0.380923	 	0.462598	 	0.445002	 	 0.0892578	 	0.0067505
0.377114	 	0.421518	 	0.960513	 	 -0.258387	 	0.00827448
0.373343	 	0.766747	 	0.456291	 	 -0.130337	 	0.00907961
0.369609	 	0.624326	 	0.690793	 	 -0.34652	 	0.00427255
0.365913	 	0.742875	 	0.622537	 	 -0.429704	 	0.00241699
0.362254	 	0.361494	 	0.84021	 	 -0.240158	 	0.00485775
0.358631	 	0.146645	 	1.01151	 	 -0.248654	 	0.00823651
0.355045	 	0.998927	 	0.8546	 	 0.184038	 	0.0172914
0.351495	 	0.826402	 	0.602639	 	 -0.443137	 	0.00234943
0.34798	 	0.525739	 	1.07584	 	 -0.0761892	 	0.0215778
0.3445	 	0.53961	 	0.529018	 	 -0.174415	 	0.00460299
0.341055	 	1.23604	 	0.354267	 	 0.941799	 	0.01448
0.337644	 	0.672554	 	0.827303	 	 -0.30652	 	0.00859445
0.334268	 	0.996195	 	0.482664	 	 -0.0915575	 	0.005843
0.330925	 	0.655728	 	0.798385	 	 -0.328389	 	0.00575585
0.327616	 	1.00025	 	0.530685	 	 -0.219813	 	0.00438013
0.32434	 	0.825935	 	0.633403	 	 -0.442313	 	0.00304067
0.321096	 	0.595929	 	0.510901	 	 -0.235036	 	0.00579105
0.317885	 	0.432588	 	0.86411	 	 -0.266904	 	0.00557678
0.314707	 	0.0618148	 	1.02636	 	 -0.249855	 	0.008442
0.311559	 	0.67708	 	0.521299	 	 -0.324636	 	0.00449803
0.308444	 	1.12397	 	0.628238	 	 0.0320689	 	0.0115682
0.305359	 	0.742266	 	0.980821	 	 -0.0682469	 	0.0139274
0.302306	 	0.795948	 	0.757711	 	 -0.353151	 	0.00709572
0.299283	 	0.660679	 	0.463797	 	 -0.158361	 	0.00864053
0.29629	 	0.458461	 	0.629375	 	 -0.134139	 	0.00507584
0.293327	 	0.968955	 	0.573291	 	 -0.319034	 	0.00364636
0.290394	 	0.201446	 	0.789754	 	 -0.125601	 	0.00502166
0.28749	 	0.569561	 	0.480243	 	 -0.142568	 	0.00620053
0.284615	 	0.408176	 	0.768463	 	 -0.202316	 	0.00476271
0.281769	 	0.939009	 	0.634204	 	 -0.360789	 	0.00560819
0.278951	 	0.980686	 	0.966279	 	 0.500997	 	0.0276216
0.276162	 	0.167451	 	1.11008	 	 -0.167814	 	0.016193
0.2734	 	0.308659	 	0.907306	 	 -0.258518	 	0.00494575
0.270666	 	0.0620585	 	0.82953	 	 -0.141661	 	0.00507884
0.267959	 	0.235927	 	1.17032	 	 -0.0644086	 	0.0248735
0.26528	 	0.524113	 	1.00911	 	 -0.18152	 	0.0127408
0.262627	 	0.35144	 	0.865844	 	 -0.243598	 	0.00538203
0.260001	 	0.25186	 	0.659699	 	 0.0555027	 	0.0075387
0.257401	 	0.26555	 	1.23163	 	 0.0531821	 	0.0212154
0.254827	 	0.491465	 	0.753188	 	 -0.256406	 	0.00482166
0.252278	 	0.507783	 	0.670897	 	 -0.230695	 	0.00416758
0.249756	 	0.6285	 	1.10535	 	 0.0925139	 	0.0219119
0.247258	 	0.483741	 	1.00919	 	 -0.191439	 	0.012473
0.244785	 	0.331906	 	0.623544	 	 0.0397769	 	0.00644317
0.242338	 	0.21764	 	1.10132	 	 -0.185513	 	0.0146739
0.239914	 	0.409437	 	0.734669	 	 -0.1901	 	0.00509298
0.237515	 	0.614369	 	0.529805	 	 -0.270247	 	0.00461014
0.23514	 	0.614697	 	1.01655	 	 -0.120097	 	0.017024
0.232789	 	0.0938769	 	0.948344	 	 -0.233796	 	0.00560972
0.230461	 	0.360482	 	1.13236	 	 -0.112674	 	0.0184634
0.228156	 	0.626435	 	0.698746	 	 -0.344539	 	0.00413053
0.225875	 	0.0409583	 	0.89592	 	 -0.203055	 	0.00500568
0.223616	 	0.487966	 	1.07853	 	 -0.108632	 	0.0176615
0.22138	 	0.408949	 	0.723792	 	 -0.173611	 	0.00435014
0.219166	 	0.29757	 	1.06911	 	 -0.204024	 	0.0116829
0.216974	 	0.805334	 	0.612724	 	 -0.447447	 	0.00226944
0.214804	 	1.07168	 	0.663959	 	 -0.0768328	 	0.0113628
0.212656	 	0.864135	 	0.509377	 	 -0.294385	 	0.00662668
0.21053	 	0.427508	 	1.1331	 	 -0.0489803	 	0.0208475
0.208425	 	0.443409	 	0.881658	 	 -0.262147	 	0.00567259
0.20634	 	0.583529	 	0.909665	 	 -0.250549	 	0.0100417
0.204277	 	0.531098	 	0.952301	 	 -0.2348	 	0.0108482
0.202234	 	0.151465	 	0.73809	 	 -0.0158377	 	0.00569584
0.200212	 	0.306748	 	0.81859	 	 -0.196689	 	0.00476763
0.19821	 	0.0425732	 	0.807206	 	 -0.120773	 	0.0055828
0.196228	 	0.554537	 	0.967749	 	 -0.238459	 	0.0100962
0.194265	 	0.0350219	 	1.06595	 	 -0.228957	 	0.0107138
0.192323	 	0.498139	 	0.62515	 	 -0.184964	 	0.00414386
0.190399	 	0.411404	 	0.814248	 	 -0.233924	 	0.00502393
0.188495	 	0.386913	 	0.779883	 	 -0.203585	 	0.00455262
0.18661	 	0.441383	 	0.991733	 	 -0.241383	 	0.00991436
0.184744	 	0.657585	 	0.973922	 	 -0.14078	 	0.0152235
0.182897	 	0.876124	 	0.4304	 	 0.0842295	 	0.00884245
0.181068	 	0.862817	 	0.721696	 	 -0.345931	 	0.00847144
0.179257	 	1.20174	 	0.681185	 	 0.445631	 	0.0180143
0.177465	 	0.446355	 	0.941176	 	 -0.257555	 	0.00978335
0.17569	 	0.786731	 	0.538116	 	 -0.378429	 	0.00428763
0.173933	 	0.867416	 	0.589062	 	 -0.421285	 	0.0026301
0.172194	 	0.828919	 	0.674461	 	 -0.411097	 	0.00485465
0.170472	 	0.563254	 	0.579048	 	 -0.249165	 	0.00393717
0.168767	 	0.972092	 	0.733433	 	 -0.193761	 	0.0117731
0.167079	 	0.682679	 	0.6119	 	 -0.397928	 	0.0023801
0.165409	 	1.0462	 	0.538642	 	 -0.158639	 	0.00427176
0.163755	 	0.54371	 	0.552198	 	 -0.208191	 	0.00474938
0.162117	 	0.248707	 	0.556831	 	 0.286587	 	0.00732115
0.160496	 	0.100871	 	0.564539	 	 0.437039	 	0.00886197
0.158891	 	0.42472	 	0.99035	 	 -0.232892	 	0.0104253
0.157302	 	0.61052	 	0.604417	 	 -0.327352	 	0.00314589
0.155729	 	0.815875	 	0.541512	 	 -0.39348	 	0.00455108
0.154172	 	0.684331	 	0.505074	 	 -0.293566	 	0.00509919
0.15263	 	0.583361	 	0.481151	 	 -0.176088	 	0.00625975
0.151104	 	0.725824	 	0.80317	 	 -0.314904	 	0.00684972
0.149593	 	0.76932	 	0.679532	 	 -0.4236	 	0.00384308
0.148097	 	0.712619	 	0.693348	 	 -0.401503	 	0.00351599
0.146616	 	0.480868	 	0.699568	 	 -0.210777	 	0.00551548
0.14515	 	0.607115	 	0.669594	 	 -0.329622	 	0.00339597
0.143698	 	0.431056	 	0.798758	 	 -0.23996	 	0.00545712
0.142261	 	0.50673	 	0.873945	 	 -0.269831	 	0.00735175
0.140838	 	0.283133	 	0.762992	 	 -0.123908	 	0.00454896
0.13943	 	0.709833	 	0.617807	 	 -0.412731	 	0.00231071
0.138036	 	0.593608	 	0.69725	 	 -0.317064	 	0.00389336
0.136655	 	0.782685	 	0.578379	 	 -0.430629	 	0.0025583
0.135289	 	0.834341	 	0.563813	 	 -0.416216	 	0.00296397
0.133936	 	0.771835	 	0.500594	 	 -0.293973	 	0.0072278
0.132597	 	1.14074	 	0.573525	 	 0.0563771	 	0.00844374
0.131271	 	0.916218	 	0.622808	 	 -0.388328	 	0.00434375
0.129958	 	0.871167	 	0.669182	 	 -0.392133	 	0.00502834
0.128658	 	0.713448	 	0.862727	 	 -0.244893	 	0.0124961
0.127372	 	0.749414	 	0.584321	 	 -0.428275	 	0.00254265
0.126098	 	0.790648	 	0.676269	 	 -0.428235	 	0.00307905
0.124837	 	0.880547	 	0.618962	 	 -0.421942	 	0.00297468
0.123589	 	0.876793	 	0.588268	 	 -0.417781	 	0.00329825
0.122353	 	0.742617	 	0.483543	 	 -0.244998	 	0.00714011
0.121129	 	0.752579	 	0.68059	 	 -0.415928	 	0.00346637
0.119918	 	0.736479	 	0.751382	 	 -0.356469	 	0.00758094
0.118719	 	0.675304	 	0.584969	 	 -0.383293	 	0.00296373
0.117532	 	0.755108	 	0.607406	 	 -0.435261	 	0.00230272
0.116356	 	0.850369	 	0.620073	 	 -0.437599	 	0.00356044
0.115193	 	0.858035	 	0.693898	 	 -0.385761	 	0.00620723
0.114041	 	0.890163	 	0.585035	 	 -0.405895	 	0.00332617
0.1129	 	0.439242	 	0.794	 	 -0.245253	 	0.00457683
0.111771	 	0.316972	 	0.930173	 	 -0.248882	 	0.00693439
0.110654	 	0.222155	 	1.27543	 	 0.180194	 	0.0256191
0.109547	 	0.420631	 	0.971846	 	 -0.25201	 	0.00946712
0.108452	 	0.281296	 	1.01792	 	 -0.235255	 	0.00987072
0.107367	 	0.118278	 	0.996828	 	 -0.248627	 	0.00761584
0.106294	 	0.263459	 	1.13275	 	 -0.117266	 	0.0168531
0.105231	 	0.0464886	 	0.911568	 	 -0.2208	 	0.00649481
0.104178	 	0.362174	 	1.0736	 	 -0.181071	 	0.0130936
0.103137	 	0.392065	 	0.903669	 	 -0.258034	 	0.00625119
0.102105	 	0.144255	 	1.12038	 	 -0.180374	 	0.0152571
0.101084	 	0.109698	 	0.951618	 	 -0.239496	 	0.00603966
0.100073	 	0.230813	 	0.955427	 	 -0.253567	 	0.00607428
0.0990725	 	0.0224893	 	0.924141	 	 -0.214783	 	0.0051938
0.0980818	 	0.370934	 	1.12116	 	 -0.11366	 	0.022136
0.097101	 	0.355972	 	1.15953	 	 -0.0323739	 	0.0222819
0.09613	 	0.662603	 	0.73514	 	 -0.356276	 	0.00436892
0.0951687	 	0.736173	 	0.513872	 	 -0.340484	 	0.00589555
0.094217	 	0.5717	 	0.669791	 	 -0.29686	 	0.00383616
0.0932748	 	0.880446	 	0.696644	 	 -0.377002	 	0.00534866
0.0923421	 	0.767738	 	0.565084	 	 -0.419853	 	0.00309923
0.0914186	 	0.634868	 	0.600257	 	 -0.350111	 	0.00343817
0.0905044	 	0.5874	 	0.576499	 	 -0.287279	 	0.00365239
0.0895994	 	0.795014	 	0.625405	 	 -0.44602	 	0.00225087
0.0887034	 	0.876667	 	0.723291	 	 -0.326361	 	0.00760496
0.0878164	 	0.609851	 	0.512535	 	 -0.241238	 	0.00500435
0.0869382	 	0.762043	 	0.502908	 	 -0.306749	 	0.00676096
0.0860688	 	0.798799	 	0.537182	 	 -0.383608	 	0.00457851
0.0852081	 	0.809983	 	0.69263	 	 -0.403597	 	0.00555956
0.0843561	 	0.749126	 	0.775272	 	 -0.352541	 	0.00656875
0.0835125	 	0.922427	 	0.683698	 	 -0.329574	 	0.00628926
0.0826774	 	0.94708	 	0.696412	 	 -0.289515	 	0.0082782
0.0818506	 	0.904378	 	0.57722	 	 -0.394649	 	0.0033254
0.0810321	 	0.991633	 	0.608609	 	 -0.29379	 	0.00516485
0.0802218	 	0.891062	 	0.68833	 	 -0.375222	 	0.00494512
0.0794196	 	0.735028	 	0.725193	 	 -0.388006	 	0.00478221
0.0786254	 	0.725198	 	0.765058	 	 -0.348482	 	0.00627785
0.0778391	 	0.569566	 	0.759773	 	 -0.309012	 	0.00433233
0.0770607	 	0.676964	 	0.942936	 	 -0.167105	 	0.0135501
0.0762901	 	0.423614	 	1.06678	 	 -0.163391	 	0.0137368
0.0755272	 	0.416925	 	0.959533	 	 -0.264166	 	0.00718379
0.0747719	 	0.40327	 	0.898503	 	 -0.263658	 	0.00652474
0.0740242	 	0.637296	 	0.875637	 	 -0.261766	 	0.00917454
0.073284	 	0.475696	 	0.753819	 	 -0.239279	 	0.00434623
0.0725511	 	0.312991	 	0.931116	 	 -0.256631	 	0.00671924
0.0718256	 	0.218584	 	0.97302	 	 -0.253214	 	0.00772828
0.0711074	 	0.114754	 	1.09815	 	 -0.198932	 	0.0127942
0.0703963	 	0.442847	 	0.952992	 	 -0.263413	 	0.00670194
0.0696923	 	0.566157	 	0.725486	 	 -0.305118	 	0.00394169
0.0689954	 	0.574919	 	0.625613	 	 -0.286893	 	0.00332201
0.0683055	 	0.667439	 	0.734339	 	 -0.357881	 	0.0042988
0.0676224	 	0.7677	 	0.663759	 	 -0.430865	 	0.00311218
0.0669462	 	0.845217	 	0.649584	 	 -0.420365	 	0.00445715
0.0662767	 	0.782805	 	0.584366	 	 -0.43237	 	0.00309586
0.0656139	 	0.780169	 	0.560307	 	 -0.415502	 	0.00322508
0.0649578	 	0.865539	 	0.544521	 	 -0.37625	 	0.00471642
0.0643082	 	0.731828	 	0.532023	 	 -0.369029	 	0.00490276
0.0636651	 	0.728756	 	0.621332	 	 -0.422991	 	0.00232176
0.0630285	 	0.689192	 	0.699571	 	 -0.384373	 	0.00376933
0.0623982	 	0.73555	 	0.717852	 	 -0.385902	 	0.00437059
0.0617742	 	0.859954	 	0.642429	 	 -0.418264	 	0.00480886
0.0611565	 	0.852823	 	0.553133	 	 -0.397002	 	0.00417593
0.0605449	 	0.759848	 	0.64314	 	 -0.436363	 	0.00321994
0.0599395	 	0.811704	 	0.456215	 	 -0.111998	 	0.0082373
0.0593401	 	0.811472	 	0.568619	 	 -0.415554	 	0.00335355
0.0587467	 	0.746568	 	0.553119	 	 -0.400921	 	0.00393185
0.0581592	 	0.866452	 	0.639355	 	 -0.417575	 	0.00398177
0.0575776	 	0.957209	 	0.580535	 	 -0.338131	 	0.00388042
0.0570018	 	0.728261	 	0.610831	 	 -0.424838	 	0.00226409
0.0564318	 	0.742772	 	0.570253	 	 -0.422816	 	0.00284068
0.0558675	 	0.679249	 	0.666879	 	 -0.390734	 	0.00304915
0.0553088	 	0.71674	 	0.729881	 	 -0.38393	 	0.00473526
0.0547557	 	0.905849	 	0.660304	 	 -0.376143	 	0.00536267
0.0542082	 	0.843498	 	0.578703	 	 -0.420802	 	0.00354757
0.0536661	 	0.81417	 	0.774935	 	 -0.306116	 	0.00826627
0.0531294	 	0.830478	 	0.600144	 	 -0.441765	 	0.00253675
0.0525981	 	0.792035	 	0.606927	 	 -0.442244	 	0.00255684
0.0520722	 	0.743932	 	0.680708	 	 -0.414157	 	0.00344655
0.0515514	 	0.767187	 	0.585231	 	 -0.430845	 	0.00233594
0.0510359	 	0.784446	 	0.755803	 	 -0.339023	 	0.00653773
0.0505256	 	0.930203	 	0.658285	 	 -0.35625	 	0.00612378
0.0500203	 	0.799199	 	0.747807	 	 -0.360722	 	0.00650288
0.0495201	 	0.746079	 	0.574131	 	 -0.418805	 	0.00289265
0.0490249	 	0.804756	 	0.596974	 	 -0.442552	 	0.00242281
0.0485347	 	0.717553	 	0.747669	 	 -0.378741	 	0.00420927
0.0480493	 	0.880623	 	0.583414	 	 -0.409822	 	0.00333983
0.0475688	 	0.903953	 	0.505236	 	 -0.265043	 	0.00586811
0.0470931	 	0.770351	 	0.587225	 	 -0.432639	 	0.00225165
0.0466222	 	0.841926	 	0.635639	 	 -0.436022	 	0.00394529
0.046156	 	0.858694	 	0.643596	 	 -0.424446	 	0.0043072
0.0456944	 	0.792924	 	0.526557	 	 -0.36178	 	0.00502894
0.0452375	 	0.740411	 	0.614031	 	 -0.433578	 	0.00207388
0.0447851	 	0.772908	 	0.602929	 	 -0.438844	 	0.00262983
0.0443372	 	0.827854	 	0.615524	 	 -0.441889	 	0.00298536
0.0438939	 	0.765492	 	0.591058	 	 -0.436896	 	0.00227184
0.0434549	 	0.730516	 	0.703677	 	 -0.40617	 	0.00404646
0.0430204	 	0.869405	 	0.66492	 	 -0.415622	 	0.00447881
0.0425902	 	0.86487	 	0.604571	 	 -0.429228	 	0.00272403
0.0421643	 	0.747562	 	0.551308	 	 -0.399439	 	0.00372178
0.0417426	 	0.834163	 	0.696692	 	 -0.403256	 	0.00560411
0.0413252	 	0.886767	 	0.63679	 	 -0.410949	 	0.0049193
0.040912	 	0.780125	 	0.651511	 	 -0.4353	 	0.00322851
0.0405028	 	0.776342	 	0.667542	 	 -0.429843	 	0.00331875
0.0400978	 	0.723205	 	0.663695	 	 -0.416395	 	0.00272378
0.0396968	 	0.727757	 	0.673324	 	 -0.411412	 	0.00331446
0.0392999	 	0.769542	 	0.763133	 	 -0.347376	 	0.00778386
0.0389069	 	0.773744	 	0.537447	 	 -0.381425	 	0.00441068
0.0385178	 	0.682052	 	0.553253	 	 -0.363875	 	0.00338305
0.0381326	 	0.869754	 	0.597437	 	 -0.424851	 	0.00307487
0.0377513	 	0.766262	 	0.553177	 	 -0.40794	 	0.00405073
0.0373738	 	0.724575	 	0.530874	 	 -0.352122	 	0.00465497
0.037	 	0.753624	 	0.567482	 	 -0.419666	 	0.003241
0.03663	 	0.598057	 	0.716593	 	 -0.333505	 	0.00414276
0.0362637	 	0.80109	 	0.642712	 	 -0.439165	 	0.00342553
0.0359011	 	0.797367	 	0.640327	 	 -0.446979	 	0.00266413
0.0355421	 	0.775885	 	0.585109	 	 -0.434107	 	0.00296524
0.0351867	 	0.879254	 	0.559423	 	 -0.388582	 	0.00360084
0.0348348	 	0.757063	 	0.552028	 	 -0.394725	 	0.00355278
0.0344865	 	0.756825	 	0.651128	 	 -0.429799	 	0.00272295
0.0341416	 	0.74174	 	0.608914	 	 -0.42955	 	0.00236272
0.0338002	 	0.789084	 	0.633261	 	 -0.446119	 	0.00241356
0.0334622	 	0.698844	 	0.540858	 	 -0.363444	 	0.00395601
0.0331276	 	0.635569	 	0.563107	 	 -0.336929	 	0.00385117
0.0327963	 	0.748122	 	0.680278	 	 -0.421636	 	0.00370765
0.0324683	 	0.679932	 	0.697324	 	 -0.386142	 	0.00364259
0.0321436	 	0.718539	 	0.713696	 	 -0.386225	 	0.00495815
0.0318222	 	0.821339	 	0.64004	 	 -0.431535	 	0.00296028
0.031504	 	0.742521	 	0.61126	 	 -0.433537	 	0.00203246
0.0311889	 	0.728134	 	0.635065	 	 -0.425407	 	0.00238445
0.030877	 	0.763793	 	0.704394	 	 -0.400188	 	0.00504365
0.0305683	 	0.756763	 	0.57768	 	 -0.423728	 	0.00254582
0.0302626	 	0.860343	 	0.648268	 	 -0.420824	 	0.00422731
0.02996	 	0.783753	 	0.679338	 	 -0.429439	 	0.00315447
0.0296604	 	0.904331	 	0.695954	 	 -0.346418	 	0.00655009
0.0293638	 	0.838733	 	0.67895	 	 -0.412623	 	0.00420165
0.0290701	 	0.830405	 	0.701343	 	 -0.386587	 	0.00595904
0.0287794	 	0.794946	 	0.740172	 	 -0.363555	 	0.00638026
0.0284916	 	0.710662	 	0.5524	 	 -0.385692	 	0.00324457
0.0282067	 	0.697436	 	0.623805	 	 -0.411328	 	0.00253599
0.0279246	 	0.789481	 	0.607895	 	 -0.445311	 	0.00247706
0.0276454	 	0.814102	 	0.709325	 	 -0.38886	 	0.00624657
0.0273689	 	0.903163	 	0.679162	 	 -0.366085	 	0.0057272
0.0270953	 	0.867797	 	0.593499	 	 -0.425565	 	0.00293884
0.0268243	 	0.890712	 	0.63302	 	 -0.405201	 	0.00407627
0.0265561	 	0.880733	 	0.584888	 	 -0.409986	 	0.00274036
0.0262905	 	0.98531	 	0.598814	 	 -0.305656	 	0.00470414
0.0260276	 	0.864905	 	0.660055	 	 -0.41316	 	0.00373015
0.0257673	 	0.81199	 	0.671297	 	 -0.416832	 	0.00520618
0.0255096	 	0.732871	 	0.650853	 	 -0.422231	 	0.00335652
0.0252546	 	0.733205	 	0.65669	 	 -0.421134	 	0.0033995
0.025002	 	0.739774	 	0.574111	 	 -0.416301	 	0.0029039
0.024752	 	0.809725	 	0.594699	 	 -0.445086	 	0.00254878
0.0245045	 	0.829077	 	0.640903	 	 -0.442394	 	0.00262344
0.0242594	 	0.796903	 	0.668544	 	 -0.433857	 	0.00319745
0.0240168	 	0.808678	 	0.621092	 	 -0.443269	 	0.00253498
0.0237767	 	0.782411	 	0.59889	 	 -0.437254	 	0.00235247
0.0235389	 	0.850802	 	0.676195	 	 -0.409065	 	0.00499637
0.0233035	 	0.873573	 	0.572174	 	 -0.404013	 	0.00324698
0.0230705	 	0.760277	 	0.59306	 	 -0.433853	 	0.00256314
0.0228398	 	0.786527	 	0.605954	 	 -0.445251	 	0.00277601
0.0226114	 	0.808447	 	0.563944	 	 -0.423675	 	0.00357913
0.0223853	 	0.775053	 	0.601351	 	 -0.439869	 	0.00260976
0.0221614	 	0.820473	 	0.655001	 	 -0.433311	 	0.00344005
0.0219398	 	0.796501	 	0.616781	 	 -0.442823	 	0.0025413
0.0217204	 	0.782223	 	0.621181	 	 -0.438278	 	0.00257725
0.0215032	 	0.760993	 	0.60416	 	 -0.436457	 	0.0020622
0.0212882	 	0.706595	 	0.684335	 	 -0.395028	 	0.00411662
0.0210753	 	0.756113	 	0.667343	 	 -0.428596	 	0.00308678
0.0208645	 	0.724588	 	0.68757	 	 -0.405957	 	0.00392824
0.0206559	 	0.731623	 	0.758583	 	 -0.361446	 	0.00602486
0.0204493	 	0.703895	 	0.753761	 	 -0.358962	 	0.00636801
0.0202448	 	0.717783	 	0.711571	 	 -0.399158	 	0.00446608
0.0200424	 	0.694731	 	0.615787	 	 -0.405682	 	0.00227036
0.0198419	 	0.715583	 	0.66486	 	 -0.416739	 	0.00300159
0.0196435	 	0.779633	 	0.592739	 	 -0.438858	 	0.00243173
0.0194471	 	0.8148	 	0.623862	 	 -0.442812	 	0.00301653
0.0192526	 	0.85513	 	0.581476	 	 -0.422711	 	0.00276222
0.0190601	 	0.840489	 	0.582981	 	 -0.432016	 	0.003062
0.0188695	 	0.859926	 	0.572452	 	 -0.408615	 	0.00338677
0.0186808	 	0.802804	 	0.597499	 	 -0.444158	 	0.00254204
0.018494	 	0.840267	 	0.58591	 	 -0.42955	 	0.00277601
0.0183091	 	0.885936	 	0.555981	 	 -0.378913	 	0.00384378
0.018126	 	0.885254	 	0.578824	 	 -0.401863	 	0.00315432
0.0179447	 	0.827929	 	0.596276	 	 -0.438233	 	0.00283051
0.0177653	 	0.837361	 	0.574064	 	 -0.419342	 	0.0029528
0.0175876	 	0.843691	 	0.60561	 	 -0.43744	 	0.00330918
0.0174117	 	0.842548	 	0.647733	 	 -0.434333	 	0.00342629
0.0172376	 	0.797977	 	0.573184	 	 -0.426986	 	0.00290101
0.0170652	 	0.816456	 	0.571212	 	 -0.428195	 	0.00314829
0.0168946	 	0.872601	 	0.588659	 	 -0.420937	 	0.00356277
0.0167256	 	0.852468	 	0.61227	 	 -0.438082	 	0.00263739
0.0165584	 	0.766539	 	0.617588	 	 -0.44041	 	0.00231496
0.0163928	 	0.783451	 	0.65107	 	 -0.429115	 	0.00425106
0.0162289	 	0.824614	 	0.66974	 	 -0.422898	 	0.00393628
0.0160666	 	0.855987	 	0.635067	 	 -0.423142	 	0.00432107
0.0159059	 	0.843158	 	0.592935	 	 -0.431742	 	0.00252485
0.0157469	 	0.783219	 	0.590179	 	 -0.43331	 	0.00273706
0.0155894	 	0.808547	 	0.640565	 	 -0.439947	 	0.00314851
0.0154335	 	0.841371	 	0.597367	 	 -0.436781	 	0.00235683
0.0152792	 	0.883777	 	0.608153	 	 -0.418921	 	0.00361479
0.0151264	 	0.865845	 	0.606905	 	 -0.425184	 	0.00382206
0.0149751	 	0.850376	 	0.660787	 	 -0.408516	 	0.00469937
0.0148254	 	0.829051	 	0.649061	 	 -0.429134	 	0.00466835
0.0146771	 	0.830109	 	0.60465	 	 -0.442343	 	0.00219965
0.0145303	 	0.842039	 	0.654251	 	 -0.42243	 	0.00426739
0.014385	 	0.835336	 	0.66073	 	 -0.42358	 	0.00409287
0.0142412	 	0.750709	 	0.635788	 	 -0.434425	 	0.00257987
0.0140988	 	0.76412	 	0.652151	 	 -0.429324	 	0.00312081
0.0139578	 	0.74937	 	0.679747	 	 -0.413688	 	0.00384628
0.0138182	 	0.7323	 	0.684577	 	 -0.411365	 	0.00369136
0.01368	 	0.683851	 	0.698718	 	 -0.381651	 	0.003995
0.0135432	 	0.70961	 	0.713193	 	 -0.3838	 	0.00454206
0.0134078	 	0.67039	 	0.64687	 	 -0.390762	 	0.00303361
0.0132737	 	0.739778	 	0.640428	 	 -0.429674	 	0.00258788
0.013141	 	0.765955	 	0.619745	 	 -0.438095	 	0.00244823
0.0130096	 	0.798951	 	0.591952	 	 -0.440778	 	0.00259627
0.0128795	 	0.84431	 	0.641035	 	 -0.428706	 	0.00375498
0.0127507	 	0.807795	 	0.610409	 	 -0.443777	 	0.00224211
0.0126232	 	0.777078	 	0.635086	 	 -0.44428	 	0.00221275
0.0124969	 	0.735635	 	0.681348	 	 -0.418596	 	0.00278192
0.012372	 	0.739129	 	0.682038	 	 -0.409431	 	0.00366678
0.0122482	 	0.714066	 	0.60928	 	 -0.420228	 	0.00227355
0.0121258	 	0.704921	 	0.627587	 	 -0.414152	 	0.00245031
0.0120045	 	0.750518	 	0.605527	 	 -0.435697	 	0.00201015
0.0118845	 	0.755921	 	0.624699	 	 -0.435485	 	0.00232946
0.0117656	 	0.80332	 	0.598582	 	 -0.438693	 	0.00254676
0.011648	 	0.815254	 	0.630563	 	 -0.440525	 	0.00255361
0.0115315	 	0.835959	 	0.598843	 	 -0.436748	 	0.00290049
0.0114162	 	0.808402	 	0.586717	 	 -0.441812	 	0.00224897
0.011302	 	0.803351	 	0.636702	 	 -0.445408	 	0.00304439
0.011189	 	0.754919	 	0.650546	 	 -0.430795	 	0.00250489
0.0110771	 	0.779235	 	0.616256	 	 -0.441737	 	0.0028095
0.0109663	 	0.797838	 	0.602755	 	 -0.442233	 	0.00275821
0.0108567	 	0.772327	 	0.589679	 	 -0.434702	 	0.00281291
0.0107481	 	0.801264	 	0.587108	 	 -0.435425	 	0.00276314
0.0106406	 	0.813325	 	0.594155	 	 -0.443294	 	0.00265713
0.0105342	 	0.798121	 	0.673541	 	 -0.428219	 	0.0042375
0.0104289	 	0.797213	 	0.623047	 	 -0.446182	 	0.00268495
0.0103246	 	0.798147	 	0.611817	 	 -0.441845	 	0.00220009
0.0102213	 	0.759047	 	0.63402	 	 -0.436765	 	0.00248789
0.0101191	 	0.765842	 	0.617358	 	 -0.439601	 	0.00294109
0.0100179	 	0.772229	 	0.618926	 	 -0.441568	 	0.0023862
