0
0.00102515
0.00217812
0.00158598
0.00162352
0.00136107
0.00116522
0.00102536
0.0010477
0.000939773
0.000881482
0.000829777
0.000787986
0.000729791
0.000710709
0.000747126
0.000711967
0.000682234
0.000653315
0.000629906
0.000602006
0.000575603
0.000633622
0.000613363
0.000614837
0.000593092
0.00063223
0.000635505
0.000613222
0.000596163
0.000576647
0.000569339
0.000571586
0.000560864
0.000556284
0.000543426
0.000536251
0.000521983
0.000516244
0.000504518
0.000493038
0.000481938
0.000472585
0.000478617
0.000484797
0.000475551
0.000476572
0.000492123
0.000482916
0.000473556
0.000471058
0.000462024
0.000453257
0.00045513
0.000447673
0.000439787
0.000432058
0.000424603
0.000418006
0.000411678
0.000409921
0.000404884
0.000401587
0.000396368
0.000394439
0.000388448
0.000383589
0.000381699
0.000377239
0.000377158
0.00037197
0.000367012
0.000362247
0.000357615
0.000352815
0.00034831
0.000344123
0.000340116
0.000338757
0.000334667
0.000330706
0.00032883
0.000326396
0.00032467
0.000324987
0.000323451
0.000321286
0.000317617
0.000314029
0.000313251
0.000317696
0.000314238
0.000312139
0.000308924
0.000306336
0.000308353
0.00030773
0.000304574
0.000302515
0.000299515
