0.501214
0.502239
0.500143
0.500522
0.501583
0.501892
0.502078
0.501896
0.501367
0.501438
0.501204
0.501002
0.501198
0.501178
0.50097
0.500629
0.500749
0.500627
0.500728
0.500841
0.500899
0.500856
0.500542
0.500632
0.500811
0.500758
0.50103
0.501211
0.501216
0.501149
0.501156
0.501044
0.500895
0.500811
0.500698
0.500753
0.500844
0.500838
0.500927
0.50089
0.500921
0.500949
0.500905
0.500779
0.500906
0.50087
0.500767
0.50061
0.50058
0.5006
0.500519
0.50053
0.500524
0.500427
0.500456
0.500468
0.500461
0.500454
0.500478
0.500454
0.50039
0.500353
0.500303
0.500273
0.500216
0.500221
0.500193
0.500247
0.500218
0.500281
0.500292
0.500306
0.50032
0.500335
0.500334
0.500324
0.500308
0.500291
0.500246
0.500256
0.500268
0.50023
0.500198
0.500161
0.500109
0.500071
0.500102
0.500101
0.5001
0.500059
0.500129
0.500126
0.500098
0.500107
0.500127
0.500184
0.500144
0.500144
0.500119
0.500114
