0.0830512
0.0829783
0.0831849
0.0832388
0.0834574
0.0834064
0.0834123
0.0833257
0.0832908
0.0833134
0.0833246
0.0833429
0.0833376
0.083315
0.0833897
0.0833285
0.0833413
0.0834126
0.0834045
0.0834623
0.0834438
0.0834197
0.0834188
0.0834071
0.0833686
0.0834554
0.083432
0.083446
0.0834668
0.0834354
0.0834354
0.0834386
0.0834402
0.083446
0.0834556
0.0834296
0.0834279
0.0834275
0.0834462
0.0834564
0.0834378
0.0834239
0.0834423
0.08346
0.0834446
0.0834385
0.0834086
0.08339
0.0833845
0.0833725
0.0833557
0.0833578
0.0833529
0.083341
0.0833552
0.0833563
0.0833544
0.0833487
0.0833375
0.0833557
0.0833581
0.0833626
0.0833689
0.0833795
0.0833583
0.0833558
0.0833626
0.0833699
0.083359
0.0833621
0.0833557
0.0833454
0.0833397
0.0833447
0.0833549
0.0833441
0.0833479
0.0833448
0.0833439
0.083348
0.0833564
0.083354
0.0833627
0.0833544
0.0833374
0.0833283
0.0833383
0.0833353
0.0833318
0.0833364
0.083341
0.0833283
0.0833305
0.0833301
0.0833363
0.0833385
0.0833236
0.0833184
0.0833044
0.0832994
